[
    [
        [
            -40.6244939073494, 
            -48.3080569818032, 
            -15.9220649882726
        ], 
        [
            -42.4446377268641, 
            -48.3080569818032, 
            3.49280241988352
        ]
    ], 
    [
        [
            -40.0, 
            -48.3080569818032, 
            -15.7013214427959
        ], 
        [
            -40.0, 
            -48.3080569818032, 
            3.79867855720411
        ]
    ], 
    [
        [
            -82.4236785572041, 
            -48.3080569818032, 
            3.0
        ], 
        [
            -101.923678557204, 
            -48.3080569818032, 
            3.0
        ]
    ], 
    [
        [
            -62.5991198516759, 
            -44.1880689944784, 
            3.0
        ], 
        [
            -81.6729980659851, 
            -48.2423469654247, 
            3.0
        ]
    ], 
    [
        [
            -62.6135118382178, 
            -52.4607090567048, 
            2.73148861153626
        ], 
        [
            -81.687390052527, 
            -48.4064310857585, 
            2.73148861153626
        ]
    ], 
    [
        [
            -81.0674877963501, 
            -61.3574352996216, 
            3.0
        ], 
        [
            -100.141366010659, 
            -65.4117132705679, 
            3.0
        ]
    ], 
    [
        [
            -80.6032802233553, 
            -62.3999012444586, 
            3.0
        ], 
        [
            -96.3791116136668, 
            -73.8617136641618, 
            3.0
        ]
    ], 
    [
        [
            -42.7030129480658, 
            -47.7419847791191, 
            3.0
        ], 
        [
            -61.776891162375, 
            -43.6877068081728, 
            3.0
        ]
    ], 
    [
        [
            -42.7029473272769, 
            -48.8831350377023, 
            3.0
        ], 
        [
            -61.7768255415861, 
            -52.9374130086486, 
            3.0
        ]
    ], 
    [
        [
            -62.3670258744017, 
            -53.6520213002631, 
            2.73148861153626
        ], 
        [
            -80.1811622984324, 
            -61.5833858402412, 
            2.73148861153626
        ]
    ], 
    [
        [
            -62.370151936785, 
            -43.0034128588178, 
            3.0
        ], 
        [
            -80.1842883608157, 
            -35.0720483188397, 
            3.0
        ]
    ], 
    [
        [
            -81.092983504203, 
            -35.3180549302848, 
            3.0
        ], 
        [
            -100.166861718512, 
            -31.2637769593385, 
            3.0
        ]
    ], 
    [
        [
            -80.6288958263554, 
            -34.2755356046891, 
            3.0
        ], 
        [
            -96.4047272166669, 
            -22.8137231849858, 
            3.0
        ]
    ], 
    [
        [
            -40.0, 
            -48.3080569818032, 
            44.4236785572041
        ], 
        [
            -40.0, 
            -48.3080569818032, 
            63.9236785572041
        ]
    ], 
    [
        [
            -40.0, 
            -44.1880689944784, 
            24.5991198516759
        ], 
        [
            -40.0, 
            -48.2423469654247, 
            43.6729980659851
        ]
    ], 
    [
        [
            -40.2685113884637, 
            -52.4607090567048, 
            24.6135118382178
        ], 
        [
            -40.2685113884637, 
            -48.4064310857585, 
            43.687390052527
        ]
    ], 
    [
        [
            -40.0, 
            -61.3574352996216, 
            43.0674877963501
        ], 
        [
            -40.0, 
            -65.4117132705679, 
            62.1413660106593
        ]
    ], 
    [
        [
            -40.0, 
            -62.3999012444586, 
            42.6032802233553
        ], 
        [
            -40.0, 
            -73.8617136641618, 
            58.3791116136668
        ]
    ], 
    [
        [
            -40.0, 
            -47.7419847791191, 
            4.70301294806577
        ], 
        [
            -40.0, 
            -43.6877068081728, 
            23.776891162375
        ]
    ], 
    [
        [
            -40.0, 
            -48.8831350377023, 
            4.70294732727691
        ], 
        [
            -40.0, 
            -52.9374130086486, 
            23.7768255415861
        ]
    ], 
    [
        [
            -40.2685113884637, 
            -53.6520213002631, 
            24.3670258744017
        ], 
        [
            -40.2685113884637, 
            -61.5833858402412, 
            42.1811622984324
        ]
    ], 
    [
        [
            -40.0, 
            -43.0034128588178, 
            24.370151936785
        ], 
        [
            -40.0, 
            -35.0720483188397, 
            42.1842883608157
        ]
    ], 
    [
        [
            -40.0, 
            -35.3180549302848, 
            43.092983504203
        ], 
        [
            -40.0, 
            -31.2637769593385, 
            62.1668617185122
        ]
    ], 
    [
        [
            -40.0, 
            -34.2755356046891, 
            42.6288958263554
        ], 
        [
            -40.0, 
            -22.8137231849858, 
            58.4047272166669
        ]
    ], 
    [
        [
            -68.4184924912098, 
            -34.2755356046891, 
            30.9184924912098
        ], 
        [
            -79.5736898461547, 
            -22.8137231849858, 
            42.0736898461547
        ]
    ], 
    [
        [
            -68.746652035281, 
            -35.3180549302848, 
            31.246652035281
        ], 
        [
            -82.2339206641454, 
            -31.2637769593385, 
            44.7339206641454
        ]
    ], 
    [
        [
            -55.5076108709461, 
            -43.0034128588178, 
            18.0076108709461
        ], 
        [
            -68.1041075373605, 
            -35.0720483188397, 
            30.6041075373605
        ]
    ], 
    [
        [
            -55.695266634645, 
            -53.6520213002631, 
            17.8155341874279
        ], 
        [
            -68.2917633010594, 
            -61.5833858402412, 
            30.4120308538423
        ]
    ], 
    [
        [
            -41.6007971245796, 
            -48.8831350377023, 
            4.10079712457963
        ], 
        [
            -55.088065753444, 
            -52.9374130086486, 
            17.588065753444
        ]
    ], 
    [
        [
            -41.6008435254844, 
            -47.7419847791191, 
            4.10084352548442
        ], 
        [
            -55.0881121543488, 
            -43.6877068081728, 
            17.5881121543488
        ]
    ], 
    [
        [
            -68.4003795246243, 
            -62.3999012444586, 
            30.9003795246243
        ], 
        [
            -79.5555768795691, 
            -73.8617136641618, 
            42.0555768795691
        ]
    ], 
    [
        [
            -68.728623847367, 
            -61.3574352996216, 
            31.228623847367
        ], 
        [
            -82.2158924762314, 
            -65.4117132705679, 
            44.7158924762314
        ]
    ], 
    [
        [
            -55.8695585311267, 
            -52.4607090567048, 
            17.9898260839096
        ], 
        [
            -69.3568271599911, 
            -48.4064310857585, 
            31.477094712774
        ]
    ], 
    [
        [
            -55.6695156362396, 
            -44.1880689944784, 
            18.1695156362396
        ], 
        [
            -69.156784265104, 
            -48.2423469654247, 
            31.656784265104
        ]
    ], 
    [
        [
            -69.6875955309494, 
            -48.3080569818032, 
            32.1875955309494
        ], 
        [
            -83.4761777640871, 
            -48.3080569818032, 
            45.9761777640871
        ]
    ], 
    [
        [
            -40.3530859132322, 
            -48.3080569818032, 
            -15.685158686044
        ], 
        [
            -41.3268694436381, 
            -48.3080569818032, 
            3.79051192207401
        ]
    ], 
    [
        [
            -40.25, 
            -48.3080569818032, 
            -35.8263214427959
        ], 
        [
            -40.25, 
            -48.3080569818032, 
            -16.3263214427959
        ]
    ], 
    [
        [
            -40.25, 
            -48.3080569818032, 
            -55.8263214427959
        ], 
        [
            -40.25, 
            -48.3080569818032, 
            -36.3263214427959
        ]
    ], 
    [
        [
            -16.4954743543645, 
            -91.3523498020392, 
            -56.0763214427959
        ], 
        [
            -16.4954743543645, 
            -91.3523498020392, 
            -36.5763214427959
        ]
    ], 
    [
        [
            -16.4954743543645, 
            -91.3523498020392, 
            -36.0763214427959
        ], 
        [
            -16.4954743543645, 
            -91.3523498020392, 
            -16.5763214427959
        ]
    ], 
    [
        [
            -16.5470173109805, 
            -91.4416248216705, 
            -15.935158686044
        ], 
        [
            -17.0339090761835, 
            -92.284946096789, 
            3.54051192207401
        ]
    ], 
    [
        [
            -31.2142721198392, 
            -116.846055358173, 
            31.9375955309494
        ], 
        [
            -38.108563236408, 
            -128.787317854241, 
            45.7261777640871
        ]
    ], 
    [
        [
            -27.7732464327943, 
            -102.646048063412, 
            17.9195156362396
        ], 
        [
            -31.0057730303833, 
            -116.353504309146, 
            31.406784265104
        ]
    ], 
    [
        [
            -20.7089514299848, 
            -106.955610323344, 
            17.7398260839096
        ], 
        [
            -30.9636934612602, 
            -116.608788598132, 
            31.227094712774
        ]
    ], 
    [
        [
            -19.4336931512234, 
            -122.54025067759, 
            30.978623847367
        ], 
        [
            -22.6662197488124, 
            -136.247706923324, 
            44.4658924762314
        ]
    ], 
    [
        [
            -18.366768999043, 
            -122.777215727865, 
            30.6503795246243
        ], 
        [
            -14.0181469476405, 
            -138.168806231328, 
            41.8055768795691
        ]
    ], 
    [
        [
            -17.6611290250073, 
            -92.2391785103044, 
            3.85084352548442
        ], 
        [
            -27.9158710562826, 
            -101.892356785093, 
            17.3381121543488
        ]
    ], 
    [
        [
            -16.6728407110867, 
            -92.8097134552337, 
            3.85079712457963
        ], 
        [
            -19.9053673086757, 
            -106.517169700968, 
            17.338065753444
        ]
    ], 
    [
        [
            -19.5900988149831, 
            -107.400325235096, 
            17.5655341874279
        ], 
        [
            -19.0195839698941, 
            -122.274893616886, 
            30.1620308538423
        ]
    ], 
    [
        [
            -28.7182363583787, 
            -101.913506355843, 
            17.7576108709461
        ], 
        [
            -41.885247869882, 
            -108.856710197655, 
            30.3541075373605
        ]
    ], 
    [
        [
            -41.9934721438318, 
            -109.536173361639, 
            30.996652035281
        ], 
        [
            -52.2482141751072, 
            -119.189351636427, 
            44.4839206641454
        ]
    ], 
    [
        [
            -42.7322405916984, 
            -108.730719197181, 
            30.6684924912098
        ], 
        [
            -58.2360599980458, 
            -112.660497280941, 
            41.8236898461546
        ]
    ], 
    [
        [
            -28.5229943460935, 
            -84.119582762536, 
            42.3788958263554
        ], 
        [
            -38.4492150749684, 
            -78.3886765526844, 
            58.1547272166669
        ]
    ], 
    [
        [
            -27.6201461261914, 
            -84.6408424253339, 
            42.842983504203
        ], 
        [
            -31.1312538430345, 
            -82.6137034398607, 
            61.9168617185122
        ]
    ], 
    [
        [
            -20.9644309229056, 
            -88.4835213896004, 
            24.120151936785
        ], 
        [
            -27.8331941012017, 
            -84.5178391196113, 
            41.9342883608157
        ]
    ], 
    [
        [
            -11.8767211918924, 
            -94.0403632939381, 
            24.1170258744017
        ], 
        [
            -5.00795801359632, 
            -98.0060455639271, 
            41.9311622984324
        ]
    ], 
    [
        [
            -15.8724421487969, 
            -91.4233824790426, 
            4.45294732727691
        ], 
        [
            -12.3613344319537, 
            -93.4505214645158, 
            23.5268255415861
        ]
    ], 
    [
        [
            -16.8607072622651, 
            -90.852807349751, 
            4.45301294806577
        ], 
        [
            -20.3718149791082, 
            -88.8256683642779, 
            23.526891162375
        ]
    ], 
    [
        [
            -4.16657923673089, 
            -98.1817655824208, 
            42.3532802233553
        ], 
        [
            5.75964149214409, 
            -103.912671792272, 
            58.1291116136668
        ]
    ], 
    [
        [
            -5.06938122753985, 
            -97.6605326100023, 
            42.8174877963501
        ], 
        [
            -1.55827351069672, 
            -99.6876715954755, 
            61.8913660106593
        ]
    ], 
    [
        [
            -12.9084278586534, 
            -93.4447071721589, 
            24.3635118382178
        ], 
        [
            -16.4195355754965, 
            -91.4175681866857, 
            43.437390052527
        ]
    ], 
    [
        [
            -19.9384886146745, 
            -89.0758494574307, 
            24.3491198516759
        ], 
        [
            -16.4273808978313, 
            -91.1029884429038, 
            43.4229980659851
        ]
    ], 
    [
        [
            -16.3704743543645, 
            -91.1358434510931, 
            44.1736785572041
        ], 
        [
            -16.3704743543645, 
            -91.1358434510931, 
            63.6736785572041
        ]
    ], 
    [
        [
            -48.8374422592712, 
            -119.305238675871, 
            2.75
        ], 
        [
            -66.6515786833019, 
            -127.236603215849, 
            2.75
        ]
    ], 
    [
        [
            -48.1666378782929, 
            -120.228410057269, 
            2.75
        ], 
        [
            -61.2146847022906, 
            -134.719734154078, 
            2.75
        ]
    ], 
    [
        [
            -32.1495068912981, 
            -107.856641253374, 
            2.75
        ], 
        [
            -47.9253382816096, 
            -119.318453673077, 
            2.75
        ]
    ], 
    [
        [
            -22.9259784348614, 
            -113.178238224659, 
            2.48148861153626
        ], 
        [
            -24.9642834685806, 
            -132.57141518434, 
            2.48148861153626
        ]
    ], 
    [
        [
            -17.2239158124353, 
            -93.7642035295557, 
            2.75
        ], 
        [
            -23.2497472027468, 
            -112.309805597311, 
            2.75
        ]
    ], 
    [
        [
            -18.212213736298, 
            -93.1936852295343, 
            2.75
        ], 
        [
            -31.2602605602957, 
            -107.685009326343, 
            2.75
        ]
    ], 
    [
        [
            -24.4682193484086, 
            -133.345237732825, 
            2.75
        ], 
        [
            -22.4299143146893, 
            -152.738414692506, 
            2.75
        ]
    ], 
    [
        [
            -25.6031251257149, 
            -133.226020311249, 
            2.75
        ], 
        [
            -31.6289565160264, 
            -151.771622379004, 
            2.75
        ]
    ], 
    [
        [
            -24.0809280835304, 
            -112.796045209221, 
            2.48148861153626
        ], 
        [
            -37.1289749075282, 
            -127.28736930603, 
            2.48148861153626
        ]
    ], 
    [
        [
            -31.2380485405124, 
            -108.647261352151, 
            2.75
        ], 
        [
            -37.2638799308239, 
            -127.192863419907, 
            2.75
        ]
    ], 
    [
        [
            -37.5823136329665, 
            -127.875826803617, 
            2.75
        ], 
        [
            -47.3323136329665, 
            -144.763322177414, 
            2.75
        ]
    ], 
    [
        [
            -16.3704743543645, 
            -91.1358434510931, 
            -15.9513214427959
        ], 
        [
            -16.3704743543645, 
            -91.1358434510931, 
            3.54867855720411
        ]
    ], 
    [
        [
            -16.6827213080392, 
            -91.6766710393663, 
            -16.1720649882726
        ], 
        [
            -17.5927932177965, 
            -93.2529618256072, 
            3.24280241988352
        ]
    ], 
    [
        [
            35.0042725993103, 
            -89.4499434443895, 
            -15.9220649882726
        ], 
        [
            35.9143445090676, 
            -91.0262342306304, 
            3.49280241988352
        ]
    ], 
    [
        [
            34.6920256456355, 
            -88.9091158561163, 
            -15.7013214427959
        ], 
        [
            34.6920256456355, 
            -88.9091158561163, 
            3.79867855720411
        ]
    ], 
    [
        [
            55.9038649242376, 
            -125.64909920864, 
            3.0
        ], 
        [
            65.6538649242376, 
            -142.536594582437, 
            3.0
        ]
    ], 
    [
        [
            42.4235713111635, 
            -110.540521744499, 
            3.0
        ], 
        [
            55.4716181351612, 
            -125.031845841308, 
            3.0
        ]
    ], 
    [
        [
            49.5950837546874, 
            -106.416665539342, 
            2.73148861153626
        ], 
        [
            55.6209151449989, 
            -124.962267607098, 
            2.73148861153626
        ]
    ], 
    [
        [
            66.5268626706352, 
            -117.949914398454, 
            3.0
        ], 
        [
            79.5749094946329, 
            -132.441238495263, 
            3.0
        ]
    ], 
    [
        [
            67.1975608749468, 
            -117.026665875193, 
            3.0
        ], 
        [
            85.0116972989775, 
            -124.958030415171, 
            3.0
        ]
    ], 
    [
        [
            35.5532992117678, 
            -91.5330298372415, 
            3.0
        ], 
        [
            41.5791306020793, 
            -110.078631904997, 
            3.0
        ]
    ], 
    [
        [
            36.5415315148416, 
            -90.9623978786798, 
            3.0
        ], 
        [
            49.5895783388393, 
            -105.453721975489, 
            3.0
        ]
    ], 
    [
        [
            50.5035474395403, 
            -105.607546311222, 
            2.73148861153626
        ], 
        [
            66.2793788298517, 
            -117.069358730925, 
            2.73148861153626
        ]
    ], 
    [
        [
            41.2831450454869, 
            -110.934557781382, 
            3.0
        ], 
        [
            43.3214500792061, 
            -130.327734741064, 
            3.0
        ]
    ], 
    [
        [
            43.9888456259101, 
            -130.99168451381, 
            3.0
        ], 
        [
            50.0146770162216, 
            -149.537286581566, 
            3.0
        ]
    ], 
    [
        [
            42.8539535670842, 
            -131.111032458009, 
            3.0
        ], 
        [
            40.815648533365, 
            -150.50420941769, 
            3.0
        ]
    ], 
    [
        [
            34.6920256456355, 
            -88.9091158561163, 
            44.4236785572041
        ], 
        [
            34.6920256456355, 
            -88.9091158561163, 
            63.9236785572041
        ]
    ], 
    [
        [
            31.1240113853255, 
            -90.9691098497787, 
            24.5991198516759
        ], 
        [
            34.6351191021687, 
            -88.9419708643055, 
            43.6729980659851
        ]
    ], 
    [
        [
            38.4225835298104, 
            -87.0653275022805, 
            24.6135118382178
        ], 
        [
            34.9114758129672, 
            -89.0924664877537, 
            43.687390052527
        ]
    ], 
    [
        [
            45.9931187724602, 
            -82.3844266972071, 
            43.0674877963501
        ], 
        [
            49.5042264893033, 
            -80.3572877117339, 
            62.1413660106593
        ]
    ], 
    [
        [
            46.8959207632691, 
            -81.8631937247886, 
            42.6032802233553
        ], 
        [
            56.8221414921441, 
            -76.1322875149369, 
            58.3791116136668
        ]
    ], 
    [
        [
            34.2017927377349, 
            -89.1921519574583, 
            4.70301294806577
        ], 
        [
            30.6906850208918, 
            -91.2192909429315, 
            23.776891162375
        ]
    ], 
    [
        [
            35.1900578512031, 
            -88.6215768281667, 
            4.70294732727691
        ], 
        [
            38.7011655680463, 
            -86.5944378426936, 
            23.7768255415861
        ]
    ], 
    [
        [
            39.4542901965713, 
            -86.4696713805013, 
            24.3670258744017
        ], 
        [
            46.3230533748674, 
            -82.5039891105123, 
            42.1811622984324
        ]
    ], 
    [
        [
            30.0980690770944, 
            -91.561437917609, 
            24.370151936785
        ], 
        [
            23.2293058987983, 
            -95.527120187598, 
            42.1842883608157
        ]
    ], 
    [
        [
            23.4423538738086, 
            -95.4041168818755, 
            43.092983504203
        ], 
        [
            19.9312461569655, 
            -97.4312558673486, 
            62.1668617185122
        ]
    ], 
    [
        [
            22.5395056539065, 
            -95.9253765446733, 
            42.6288958263554
        ], 
        [
            12.6132849250316, 
            -101.656282754525, 
            58.4047272166669
        ]
    ], 
    [
        [
            36.7487518995114, 
            -120.536512979318, 
            30.9184924912098
        ], 
        [
            32.4001298481089, 
            -135.928103482781, 
            42.0736898461546
        ]
    ], 
    [
        [
            37.8156798914491, 
            -120.29944781818, 
            31.246652035281
        ], 
        [
            41.0482064890382, 
            -134.006904063915, 
            44.7339206641454
        ]
    ], 
    [
        [
            37.8518745125674, 
            -104.991422883852, 
            18.0076108709461
        ], 
        [
            37.2813596674785, 
            -119.865991265642, 
            30.6041075373605
        ]
    ], 
    [
        [
            47.1676678196619, 
            -99.8296333216592, 
            17.8155341874279
        ], 
        [
            60.3346793311653, 
            -106.772837163471, 
            30.4120308538423
        ]
    ], 
    [
        [
            35.990456413493, 
            -90.0079078043578, 
            4.10079712457963
        ], 
        [
            46.2451984447683, 
            -99.6610860791461, 
            17.588065753444
        ]
    ], 
    [
        [
            35.0022145004771, 
            -90.5785231180116, 
            4.10084352548442
        ], 
        [
            38.2347410980662, 
            -104.285979363746, 
            17.5881121543488
        ]
    ], 
    [
        [
            61.0961105255813, 
            -106.458643870233, 
            30.9003795246243
        ], 
        [
            76.5999299319286, 
            -110.388421953992, 
            42.0555768795691
        ]
    ], 
    [
        [
            60.3574306961437, 
            -107.264144764794, 
            31.228623847367
        ], 
        [
            70.612172727419, 
            -116.917323039583, 
            44.7158924762314
        ]
    ], 
    [
        [
            46.2231071011418, 
            -100.576230653465, 
            17.9898260839096
        ], 
        [
            49.4556336987309, 
            -114.2836868992, 
            31.477094712774
        ]
    ], 
    [
        [
            38.9587692034453, 
            -104.53930845576, 
            18.1695156362396
        ], 
        [
            49.2135112347207, 
            -114.192486730548, 
            31.656784265104
        ]
    ], 
    [
        [
            49.5358234111103, 
            -114.619327763196, 
            32.1875955309494
        ], 
        [
            56.4301145276791, 
            -126.560590259264, 
            45.9761777640871
        ]
    ], 
    [
        [
            34.8685686022516, 
            -89.2148972266937, 
            -15.685158686044
        ], 
        [
            35.3554603674546, 
            -90.0582185018122, 
            3.79051192207401
        ]
    ], 
    [
        [
            34.8170256456355, 
            -89.1256222070624, 
            -35.8263214427959
        ], 
        [
            34.8170256456355, 
            -89.1256222070624, 
            -16.3263214427959
        ]
    ], 
    [
        [
            34.8170256456355, 
            -89.1256222070624, 
            -55.8263214427959
        ], 
        [
            34.8170256456355, 
            -89.1256222070624, 
            -36.3263214427959
        ]
    ], 
    [
        [
            57.625, 
            -47.1919430181968, 
            -55.8263214427959
        ], 
        [
            57.625, 
            -47.1919430181968, 
            -36.3263214427959
        ]
    ], 
    [
        [
            57.625, 
            -47.1919430181968, 
            -35.8263214427959
        ], 
        [
            57.625, 
            -47.1919430181968, 
            -16.3263214427959
        ]
    ], 
    [
        [
            57.7280859132322, 
            -47.1919430181968, 
            -15.685158686044
        ], 
        [
            58.7018694436381, 
            -47.1919430181968, 
            3.79051192207401
        ]
    ], 
    [
        [
            87.0625955309494, 
            -47.1919430181968, 
            32.1875955309494
        ], 
        [
            100.851177764087, 
            -47.1919430181968, 
            45.9761777640871
        ]
    ], 
    [
        [
            73.0445156362396, 
            -51.3119310055217, 
            18.1695156362396
        ], 
        [
            86.531784265104, 
            -47.2576530345753, 
            31.656784265104
        ]
    ], 
    [
        [
            73.2445585311267, 
            -43.0392909432952, 
            17.9898260839096
        ], 
        [
            86.7318271599911, 
            -47.0935689142415, 
            31.477094712774
        ]
    ], 
    [
        [
            86.103623847367, 
            -34.1425647003784, 
            31.228623847367
        ], 
        [
            99.5908924762314, 
            -30.0882867294321, 
            44.7158924762314
        ]
    ], 
    [
        [
            85.7753795246243, 
            -33.1000987555414, 
            30.9003795246243
        ], 
        [
            96.9305768795691, 
            -21.6382863358382, 
            42.0555768795691
        ]
    ], 
    [
        [
            58.9758435254844, 
            -47.7580152208809, 
            4.10084352548442
        ], 
        [
            72.4631121543488, 
            -51.8122931918272, 
            17.5881121543488
        ]
    ], 
    [
        [
            58.9757971245796, 
            -46.6168649622977, 
            4.10079712457963
        ], 
        [
            72.463065753444, 
            -42.5625869913514, 
            17.588065753444
        ]
    ], 
    [
        [
            73.070266634645, 
            -41.8479786997369, 
            17.8155341874279
        ], 
        [
            85.6667633010594, 
            -33.9166141597588, 
            30.4120308538423
        ]
    ], 
    [
        [
            72.8826108709461, 
            -52.4965871411822, 
            18.0076108709461
        ], 
        [
            85.4791075373605, 
            -60.4279516811603, 
            30.6041075373605
        ]
    ], 
    [
        [
            86.121652035281, 
            -60.1819450697152, 
            31.246652035281
        ], 
        [
            99.6089206641454, 
            -64.2362230406615, 
            44.7339206641454
        ]
    ], 
    [
        [
            85.7934924912098, 
            -61.2244643953109, 
            30.9184924912098
        ], 
        [
            96.9486898461547, 
            -72.6862768150142, 
            42.0736898461546
        ]
    ], 
    [
        [
            57.375, 
            -61.2244643953109, 
            42.6288958263554
        ], 
        [
            57.375, 
            -72.6862768150142, 
            58.4047272166669
        ]
    ], 
    [
        [
            57.375, 
            -60.1819450697152, 
            43.092983504203
        ], 
        [
            57.375, 
            -64.2362230406615, 
            62.1668617185122
        ]
    ], 
    [
        [
            57.375, 
            -52.4965871411822, 
            24.370151936785
        ], 
        [
            57.375, 
            -60.4279516811603, 
            42.1842883608157
        ]
    ], 
    [
        [
            57.6435113884637, 
            -41.8479786997369, 
            24.3670258744017
        ], 
        [
            57.6435113884637, 
            -33.9166141597588, 
            42.1811622984324
        ]
    ], 
    [
        [
            57.375, 
            -46.6168649622977, 
            4.70294732727691
        ], 
        [
            57.375, 
            -42.5625869913514, 
            23.7768255415861
        ]
    ], 
    [
        [
            57.375, 
            -47.7580152208809, 
            4.70301294806577
        ], 
        [
            57.375, 
            -51.8122931918272, 
            23.776891162375
        ]
    ], 
    [
        [
            57.375, 
            -33.1000987555414, 
            42.6032802233553
        ], 
        [
            57.375, 
            -21.6382863358382, 
            58.3791116136668
        ]
    ], 
    [
        [
            57.375, 
            -34.1425647003784, 
            43.0674877963501
        ], 
        [
            57.375, 
            -30.0882867294321, 
            62.1413660106593
        ]
    ], 
    [
        [
            57.6435113884637, 
            -43.0392909432952, 
            24.6135118382178
        ], 
        [
            57.6435113884637, 
            -47.0935689142415, 
            43.687390052527
        ]
    ], 
    [
        [
            57.375, 
            -51.3119310055217, 
            24.5991198516759
        ], 
        [
            57.375, 
            -47.2576530345753, 
            43.6729980659851
        ]
    ], 
    [
        [
            57.375, 
            -47.1919430181968, 
            44.4236785572041
        ], 
        [
            57.375, 
            -47.1919430181968, 
            63.9236785572041
        ]
    ], 
    [
        [
            98.0038958263554, 
            -61.2244643953109, 
            3.0
        ], 
        [
            113.779727216667, 
            -72.6862768150142, 
            3.0
        ]
    ], 
    [
        [
            98.467983504203, 
            -60.1819450697152, 
            3.0
        ], 
        [
            117.541861718512, 
            -64.2362230406615, 
            3.0
        ]
    ], 
    [
        [
            79.745151936785, 
            -52.4965871411822, 
            3.0
        ], 
        [
            97.5592883608157, 
            -60.4279516811603, 
            3.0
        ]
    ], 
    [
        [
            79.7420258744017, 
            -41.8479786997369, 
            2.73148861153626
        ], 
        [
            97.5561622984324, 
            -33.9166141597588, 
            2.73148861153626
        ]
    ], 
    [
        [
            60.0779473272769, 
            -46.6168649622977, 
            3.0
        ], 
        [
            79.1518255415861, 
            -42.5625869913514, 
            3.0
        ]
    ], 
    [
        [
            60.0780129480658, 
            -47.7580152208809, 
            3.0
        ], 
        [
            79.151891162375, 
            -51.8122931918272, 
            3.0
        ]
    ], 
    [
        [
            97.9782802233553, 
            -33.1000987555414, 
            3.0
        ], 
        [
            113.754111613667, 
            -21.6382863358382, 
            3.0
        ]
    ], 
    [
        [
            98.4424877963501, 
            -34.1425647003784, 
            3.0
        ], 
        [
            117.516366010659, 
            -30.0882867294321, 
            3.0
        ]
    ], 
    [
        [
            79.9885118382178, 
            -43.0392909432952, 
            2.73148861153626
        ], 
        [
            99.062390052527, 
            -47.0935689142415, 
            2.73148861153626
        ]
    ], 
    [
        [
            79.9741198516759, 
            -51.3119310055217, 
            3.0
        ], 
        [
            99.0479980659851, 
            -47.2576530345753, 
            3.0
        ]
    ], 
    [
        [
            99.7986785572041, 
            -47.1919430181968, 
            3.0
        ], 
        [
            119.298678557204, 
            -47.1919430181968, 
            3.0
        ]
    ], 
    [
        [
            57.375, 
            -47.1919430181968, 
            -15.7013214427959
        ], 
        [
            57.375, 
            -47.1919430181968, 
            3.79867855720411
        ]
    ], 
    [
        [
            57.9994939073494, 
            -47.1919430181968, 
            -15.9220649882726
        ], 
        [
            59.8196377268641, 
            -47.1919430181968, 
            3.49280241988352
        ]
    ], 
    [
        [
            32.8704743543645, 
            -7.02265019796081, 
            -56.0763214427959
        ], 
        [
            32.8704743543645, 
            -7.02265019796081, 
            -36.5763214427959
        ]
    ], 
    [
        [
            32.8704743543645, 
            -7.02265019796081, 
            -36.0763214427959
        ], 
        [
            32.8704743543645, 
            -7.02265019796081, 
            -16.5763214427959
        ]
    ], 
    [
        [
            32.9220173109805, 
            -6.93337517832946, 
            -15.935158686044
        ], 
        [
            33.4089090761835, 
            -6.090053903211, 
            3.54051192207401
        ]
    ], 
    [
        [
            47.5892721198392, 
            18.4710553581726, 
            31.9375955309494
        ], 
        [
            54.483563236408, 
            30.4123178542407, 
            45.7261777640871
        ]
    ], 
    [
        [
            44.1482464327943, 
            4.27104806341164, 
            17.9195156362396
        ], 
        [
            47.3807730303834, 
            17.9785043091463, 
            31.406784265104
        ]
    ], 
    [
        [
            37.0839514299848, 
            8.58061032334362, 
            17.7398260839096
        ], 
        [
            47.3386934612602, 
            18.233788598132, 
            31.227094712774
        ]
    ], 
    [
        [
            35.8086931512234, 
            24.1652506775896, 
            30.978623847367
        ], 
        [
            39.0412197488124, 
            37.8727069233242, 
            44.4658924762314
        ]
    ], 
    [
        [
            34.741768999043, 
            24.4022157278648, 
            30.6503795246243
        ], 
        [
            30.3931469476405, 
            39.7938062313276, 
            41.8055768795691
        ]
    ], 
    [
        [
            34.0361290250073, 
            -6.13582148969562, 
            3.85084352548442
        ], 
        [
            44.2908710562826, 
            3.51735678509272, 
            17.3381121543488
        ]
    ], 
    [
        [
            33.0478407110867, 
            -5.56528654476632, 
            3.85079712457963
        ], 
        [
            36.2803673086758, 
            8.14216970096831, 
            17.338065753444
        ]
    ], 
    [
        [
            35.9650988149831, 
            9.02532523509589, 
            17.5655341874279
        ], 
        [
            35.3945839698941, 
            23.8998936168858, 
            30.1620308538423
        ]
    ], 
    [
        [
            45.0932363583787, 
            3.53850635584345, 
            17.7576108709461
        ], 
        [
            58.260247869882, 
            10.4817101976553, 
            30.3541075373605
        ]
    ], 
    [
        [
            58.3684721438318, 
            11.1611733616388, 
            30.996652035281
        ], 
        [
            68.6232141751072, 
            20.8143516364272, 
            44.4839206641454
        ]
    ], 
    [
        [
            59.1072405916984, 
            10.355719197181, 
            30.6684924912098
        ], 
        [
            74.6110599980458, 
            14.2854972809406, 
            41.8236898461546
        ]
    ], 
    [
        [
            44.8979943460935, 
            -14.255417237464, 
            42.3788958263554
        ], 
        [
            54.8242150749684, 
            -19.9863234473156, 
            58.1547272166669
        ]
    ], 
    [
        [
            43.9951461261914, 
            -13.7341575746661, 
            42.842983504203
        ], 
        [
            47.5062538430345, 
            -15.7612965601393, 
            61.9168617185122
        ]
    ], 
    [
        [
            37.3394309229056, 
            -9.8914786103996, 
            24.120151936785
        ], 
        [
            44.2081941012017, 
            -13.8571608803887, 
            41.9342883608157
        ]
    ], 
    [
        [
            28.2517211918924, 
            -4.33463670606193, 
            24.1170258744017
        ], 
        [
            21.3829580135963, 
            -0.36895443607286899, 
            41.9311622984324
        ]
    ], 
    [
        [
            32.2474421487969, 
            -6.95161752095737, 
            4.45294732727691
        ], 
        [
            28.7363344319537, 
            -4.92447853548421, 
            23.5268255415861
        ]
    ], 
    [
        [
            33.2357072622651, 
            -7.52219265024895, 
            4.45301294806577
        ], 
        [
            36.7468149791082, 
            -9.54933163572211, 
            23.526891162375
        ]
    ], 
    [
        [
            20.5415792367309, 
            -0.19323441757922, 
            42.3532802233553
        ], 
        [
            10.6153585078559, 
            5.53767179227239, 
            58.1291116136668
        ]
    ], 
    [
        [
            21.4443812275399, 
            -0.71446738999770798, 
            42.8174877963501
        ], 
        [
            17.9332735106967, 
            1.31267159547545, 
            61.8913660106593
        ]
    ], 
    [
        [
            29.2834278586534, 
            -4.9302928278411, 
            24.3635118382178
        ], 
        [
            32.7945355754965, 
            -6.95743181331426, 
            43.437390052527
        ]
    ], 
    [
        [
            36.3134886146745, 
            -9.29915054256934, 
            24.3491198516759
        ], 
        [
            32.8023808978313, 
            -7.27201155709618, 
            43.4229980659851
        ]
    ], 
    [
        [
            32.7454743543645, 
            -7.23915654890692, 
            44.1736785572041
        ], 
        [
            32.7454743543645, 
            -7.23915654890692, 
            63.6736785572041
        ]
    ], 
    [
        [
            65.2124422592712, 
            20.9302386758714, 
            2.75
        ], 
        [
            83.0265786833019, 
            28.8616032158495, 
            2.75
        ]
    ], 
    [
        [
            64.5416378782929, 
            21.8534100572686, 
            2.75
        ], 
        [
            77.5896847022906, 
            36.3447341540778, 
            2.75
        ]
    ], 
    [
        [
            48.5245068912981, 
            9.48164125337385, 
            2.75
        ], 
        [
            64.3003382816096, 
            20.9434536730771, 
            2.75
        ]
    ], 
    [
        [
            39.3009784348614, 
            14.8032382246587, 
            2.48148861153626
        ], 
        [
            41.3392834685806, 
            34.1964151843401, 
            2.48148861153626
        ]
    ], 
    [
        [
            33.5989158124353, 
            -4.61079647044431, 
            2.75
        ], 
        [
            39.6247472027468, 
            13.9348055973112, 
            2.75
        ]
    ], 
    [
        [
            34.587213736298, 
            -5.18131477046574, 
            2.75
        ], 
        [
            47.6352605602957, 
            9.310009326343449, 
            2.75
        ]
    ], 
    [
        [
            40.8432193484086, 
            34.9702377328248, 
            2.75
        ], 
        [
            38.8049143146893, 
            54.3634146925061, 
            2.75
        ]
    ], 
    [
        [
            41.9781251257149, 
            34.8510203112489, 
            2.75
        ], 
        [
            48.0039565160264, 
            53.3966223790044, 
            2.75
        ]
    ], 
    [
        [
            40.4559280835304, 
            14.4210452092206, 
            2.48148861153626
        ], 
        [
            53.5039749075281, 
            28.9123693060298, 
            2.48148861153626
        ]
    ], 
    [
        [
            47.6130485405124, 
            10.2722613521512, 
            2.75
        ], 
        [
            53.6388799308239, 
            28.8178634199067, 
            2.75
        ]
    ], 
    [
        [
            53.9573136329665, 
            29.500826803617, 
            2.75
        ], 
        [
            63.7073136329665, 
            46.3883221774136, 
            2.75
        ]
    ], 
    [
        [
            32.7454743543645, 
            -7.23915654890692, 
            -15.9513214427959
        ], 
        [
            32.7454743543645, 
            -7.23915654890692, 
            3.54867855720411
        ]
    ], 
    [
        [
            33.0577213080392, 
            -6.6983289606337, 
            -16.1720649882726
        ], 
        [
            33.9677932177965, 
            -5.12203817439277, 
            3.24280241988352
        ]
    ], 
    [
        [
            -15.8170256456355, 
            -6.74937779293762, 
            -55.8263214427959
        ], 
        [
            -15.8170256456355, 
            -6.74937779293762, 
            -36.3263214427959
        ]
    ], 
    [
        [
            -15.8170256456355, 
            -6.74937779293762, 
            -35.8263214427959
        ], 
        [
            -15.8170256456355, 
            -6.74937779293762, 
            -16.3263214427959
        ]
    ], 
    [
        [
            -15.8685686022516, 
            -6.66010277330626, 
            -15.685158686044
        ], 
        [
            -16.3554603674546, 
            -5.81678149818781, 
            3.79051192207401
        ]
    ], 
    [
        [
            -30.5358234111103, 
            18.7443277631958, 
            32.1875955309494
        ], 
        [
            -37.4301145276791, 
            30.6855902592638, 
            45.9761777640871
        ]
    ], 
    [
        [
            -19.9587692034453, 
            8.664308455759651, 
            18.1695156362396
        ], 
        [
            -30.2135112347207, 
            18.317486730548, 
            31.656784265104
        ]
    ], 
    [
        [
            -27.2231071011418, 
            4.70123065346522, 
            17.9898260839096
        ], 
        [
            -30.4556336987309, 
            18.4086868991999, 
            31.477094712774
        ]
    ], 
    [
        [
            -41.3574306961437, 
            11.3891447647943, 
            31.228623847367
        ], 
        [
            -51.612172727419, 
            21.0423230395827, 
            44.7158924762314
        ]
    ], 
    [
        [
            -42.0961105255812, 
            10.5836438702326, 
            30.9003795246243
        ], 
        [
            -57.5999299319286, 
            14.5134219539922, 
            42.0555768795691
        ]
    ], 
    [
        [
            -16.0022145004771, 
            -5.29647688198835, 
            4.10084352548442
        ], 
        [
            -19.2347410980662, 
            8.41097936374628, 
            17.5881121543488
        ]
    ], 
    [
        [
            -16.990456413493, 
            -5.86709219564224, 
            4.10079712457963
        ], 
        [
            -27.2451984447683, 
            3.78608607914608, 
            17.588065753444
        ]
    ], 
    [
        [
            -28.1676678196619, 
            3.95463332165916, 
            17.8155341874279
        ], 
        [
            -41.3346793311652, 
            10.897837163471, 
            30.4120308538423
        ]
    ], 
    [
        [
            -18.8518745125674, 
            9.11642288385201, 
            18.0076108709461
        ], 
        [
            -18.2813596674785, 
            23.9909912656419, 
            30.6041075373605
        ]
    ], 
    [
        [
            -18.8156798914491, 
            24.4244478181804, 
            31.246652035281
        ], 
        [
            -22.0482064890382, 
            38.1319040639151, 
            44.7339206641454
        ]
    ], 
    [
        [
            -17.7487518995114, 
            24.6615129793183, 
            30.9184924912098
        ], 
        [
            -13.4001298481089, 
            40.0531034827812, 
            42.0736898461546
        ]
    ], 
    [
        [
            -3.53950565390653, 
            0.050376544673326903, 
            42.6288958263554
        ], 
        [
            6.38671507496845, 
            5.78128275452494, 
            58.4047272166669
        ]
    ], 
    [
        [
            -4.44235387380863, 
            -0.47088311812453298, 
            43.092983504203
        ], 
        [
            -0.93124615696551405, 
            1.55625586734863, 
            62.1668617185122
        ]
    ], 
    [
        [
            -11.0980690770944, 
            -4.31356208239104, 
            24.370151936785
        ], 
        [
            -4.22930589879827, 
            -0.347879812401999, 
            42.1842883608157
        ]
    ], 
    [
        [
            -20.4542901965713, 
            -9.405328619498659, 
            24.3670258744017
        ], 
        [
            -27.3230533748674, 
            -13.3710108894877, 
            42.1811622984324
        ]
    ], 
    [
        [
            -16.1900578512031, 
            -7.25342317183329, 
            4.70294732727691
        ], 
        [
            -19.7011655680463, 
            -9.28056215730644, 
            23.7768255415861
        ]
    ], 
    [
        [
            -15.2017927377349, 
            -6.68284804254169, 
            4.70301294806577
        ], 
        [
            -11.6906850208918, 
            -4.65570905706855, 
            23.776891162375
        ]
    ], 
    [
        [
            -27.8959207632691, 
            -14.0118062752114, 
            42.6032802233553
        ], 
        [
            -37.8221414921441, 
            -19.7427124850631, 
            58.3791116136668
        ]
    ], 
    [
        [
            -26.9931187724602, 
            -13.4905733027929, 
            43.0674877963501
        ], 
        [
            -30.5042264893033, 
            -15.5177122882661, 
            62.1413660106593
        ]
    ], 
    [
        [
            -19.4225835298104, 
            -8.8096724977195, 
            24.6135118382178
        ], 
        [
            -15.9114758129672, 
            -6.78253351224635, 
            43.687390052527
        ]
    ], 
    [
        [
            -12.1240113853255, 
            -4.90589015022132, 
            24.5991198516759
        ], 
        [
            -15.6351191021687, 
            -6.93302913569448, 
            43.6729980659851
        ]
    ], 
    [
        [
            -15.6920256456355, 
            -6.96588414388373, 
            44.4236785572041
        ], 
        [
            -15.6920256456355, 
            -6.96588414388373, 
            63.9236785572041
        ]
    ], 
    [
        [
            -23.8539535670842, 
            35.2360324580087, 
            3.0
        ], 
        [
            -21.815648533365, 
            54.62920941769, 
            3.0
        ]
    ], 
    [
        [
            -24.9888456259101, 
            35.1166845138102, 
            3.0
        ], 
        [
            -31.0146770162216, 
            53.6622865815657, 
            3.0
        ]
    ], 
    [
        [
            -22.2831450454869, 
            15.0595577813824, 
            3.0
        ], 
        [
            -24.3214500792061, 
            34.4527347410638, 
            3.0
        ]
    ], 
    [
        [
            -31.5035474395403, 
            9.732546311222009, 
            2.73148861153626
        ], 
        [
            -47.2793788298518, 
            21.1943587309252, 
            2.73148861153626
        ]
    ], 
    [
        [
            -17.5415315148416, 
            -4.91260212132023, 
            3.0
        ], 
        [
            -30.5895783388393, 
            9.57872197548895, 
            3.0
        ]
    ], 
    [
        [
            -16.5532992117678, 
            -4.34197016275847, 
            3.0
        ], 
        [
            -22.5791306020793, 
            14.203631904997, 
            3.0
        ]
    ], 
    [
        [
            -48.1975608749468, 
            21.1516658751926, 
            3.0
        ], 
        [
            -66.0116972989775, 
            29.0830304151707, 
            3.0
        ]
    ], 
    [
        [
            -47.5268626706352, 
            22.0749143984537, 
            3.0
        ], 
        [
            -60.5749094946329, 
            36.5662384952629, 
            3.0
        ]
    ], 
    [
        [
            -30.5950837546874, 
            10.5416655393422, 
            2.73148861153626
        ], 
        [
            -36.6209151449989, 
            29.0872676070977, 
            2.73148861153626
        ]
    ], 
    [
        [
            -23.4235713111635, 
            14.6655217444992, 
            3.0
        ], 
        [
            -36.4716181351612, 
            29.1568458413084, 
            3.0
        ]
    ], 
    [
        [
            -36.9038649242376, 
            29.7740992086402, 
            3.0
        ], 
        [
            -46.6538649242376, 
            46.6615945824367, 
            3.0
        ]
    ], 
    [
        [
            -15.6920256456355, 
            -6.96588414388373, 
            -15.7013214427959
        ], 
        [
            -15.6920256456355, 
            -6.96588414388373, 
            3.79867855720411
        ]
    ], 
    [
        [
            -16.0042725993103, 
            -6.42505655561051, 
            -15.9220649882726
        ], 
        [
            -16.9143445090676, 
            -4.84876576936958, 
            3.49280241988352
        ]
    ]
]